C:\Users\MRSLAVE\Desktop\PerfectNumbers_and_MersennePrimes\cmake-build-debug\PerfectNumbers_and_MersennePrimes.exe
1
2
3
 1-to savarshenno chislo e = 6
1
2
4
7
14
 2-to savarshenno chislo e = 28
1
2
4
8
16
31
62
124
248
 3-to savarshenno chislo e = 496
1
2
4
8
16
32
64
127
254
508
1016
2032
4064
 4-to savarshenno chislo e = 8128
1
2
4
8
16
32
64
128
256
512
1024
2048
4096
8191
16382
32764
65528
131056
262112
524224
1048448
2096896
4193792
8387584
16775168
 5-to savarshenno chislo e = 33550336
1
2
4
8
16
32
64
128
256
512
1024
2048
4096
8192
16384
32768
65536
131071
262142
524284
1048568
2097136
4194272
8388544
16777088
33554176
67108352
134216704
268433408
536866816
1073733632
2147467264
4294934528
 6-to savarshenno chislo e = 8589869056
1
2
4
8
16
32
64
128
256
512
1024
2048
4096
8192
16384
32768
65536
131072
262144
524287
1048574
2097148
4194296
8388592
16777184
33554368
67108736
134217472
268434944
536869888
1073739776
2147479552
4294959104
8589918208
17179836416
34359672832
68719345664
 7-to savarshenno chislo e = 137438691328
1
2
4
8
16
32
64
128
256
512
1024
2048
4096
8192
16384
32768
65536
131072
262144
524288
1048576
2097152
4194304
8388608
16777216
33554432
67108864
134217728
268435456
536870912
1073741824
2147483647
4294967294
8589934588
17179869176
34359738352
68719476704
137438953408
274877906816
549755813632
1099511627264
2199023254528
4398046509056
8796093018112
17592186036224
35184372072448
70368744144896
140737488289792
281474976579584
562949953159168
1125899906318336
2251799812636672
4503599625273344
9007199250546688
18014398501093376
36028797002186752
72057594004373504
144115188008747008
288230376017494016
576460752034988032
1152921504069976064
 8-to savarshenno chislo e = 2305843008139952128
1
2
4
8
16
32
64
128
256
512
1024
2048
4096
8192
16384
32768
65536
131072
262144
524288
1048576
2097152
4194304
8388608
16777216
33554432
67108864
134217728
268435456
536870912
1073741824
2147483648
4294967296
8589934592
17179869184
34359738368
68719476736
137438953472
274877906944
549755813888
1099511627776
2199023255552
4398046511104
8796093022208
17592186044416
35184372088832
70368744177664
140737488355328
281474976710656
562949953421312
1125899906842624
2251799813685248
4503599627370496
9007199254740992
18014398509481984
36028797018963968
72057594037927936
144115188075855872
288230376151711744
576460752303423488
1152921504606846976
2305843009213693951
4611686018427387902
9223372036854775804
18446744073709551608
36893488147419103216
73786976294838206432
147573952589676412864
295147905179352825728
590295810358705651456
1180591620717411302912
2361183241434822605824
4722366482869645211648
9444732965739290423296
18889465931478580846592
37778931862957161693184
75557863725914323386368
151115727451828646772736
302231454903657293545472
604462909807314587090944
1208925819614629174181888
2417851639229258348363776
4835703278458516696727552
9671406556917033393455104
19342813113834066786910208
38685626227668133573820416
77371252455336267147640832
154742504910672534295281664
309485009821345068590563328
618970019642690137181126656
1237940039285380274362253312
2475880078570760548724506624
4951760157141521097449013248
9903520314283042194898026496
19807040628566084389796052992
39614081257132168779592105984
79228162514264337559184211968
158456325028528675118368423936
316912650057057350236736847872
633825300114114700473473695744
1267650600228229400946947391488
2535301200456458801893894782976
5070602400912917603787789565952
10141204801825835207575579131904
20282409603651670415151158263808
40564819207303340830302316527616
81129638414606681660604633055232
162259276829213363321209266110464
324518553658426726642418532220928
649037107316853453284837064441856
1298074214633706906569674128883712
2596148429267413813139348257767424
5192296858534827626278696515534848
10384593717069655252557393031069696
20769187434139310505114786062139392
41538374868278621010229572124278784
83076749736557242020459144248557568
166153499473114484040918288497115136
332306998946228968081836576994230272
664613997892457936163673153988460544
1329227995784915872327346307976921088
 9-to savarshenno chislo e = 2658455991569831744654692615953842176
1
2
4
8
16
32
64
128
256
512
1024
2048
4096
8192
16384
32768
65536
131072
262144
524288
1048576
2097152
4194304
8388608
16777216
33554432
67108864
134217728
268435456
536870912
1073741824
2147483648
4294967296
8589934592
17179869184
34359738368
68719476736
137438953472
274877906944
549755813888
1099511627776
2199023255552
4398046511104
8796093022208
17592186044416
35184372088832
70368744177664
140737488355328
281474976710656
562949953421312
1125899906842624
2251799813685248
4503599627370496
9007199254740992
18014398509481984
36028797018963968
72057594037927936
144115188075855872
288230376151711744
576460752303423488
1152921504606846976
2305843009213693952
4611686018427387904
9223372036854775808
18446744073709551616
36893488147419103232
73786976294838206464
147573952589676412928
295147905179352825856
590295810358705651712
1180591620717411303424
2361183241434822606848
4722366482869645213696
9444732965739290427392
18889465931478580854784
37778931862957161709568
75557863725914323419136
151115727451828646838272
302231454903657293676544
604462909807314587353088
1208925819614629174706176
2417851639229258349412352
4835703278458516698824704
9671406556917033397649408
19342813113834066795298816
38685626227668133590597632
77371252455336267181195264
154742504910672534362390528
309485009821345068724781056
618970019642690137449562111
1237940039285380274899124222
2475880078570760549798248444
4951760157141521099596496888
9903520314283042199192993776
19807040628566084398385987552
39614081257132168796771975104
79228162514264337593543950208
158456325028528675187087900416
316912650057057350374175800832
633825300114114700748351601664
1267650600228229401496703203328
2535301200456458802993406406656
5070602400912917605986812813312
10141204801825835211973625626624
20282409603651670423947251253248
40564819207303340847894502506496
81129638414606681695789005012992
162259276829213363391578010025984
324518553658426726783156020051968
649037107316853453566312040103936
1298074214633706907132624080207872
2596148429267413814265248160415744
5192296858534827628530496320831488
10384593717069655257060992641662976
20769187434139310514121985283325952
41538374868278621028243970566651904
83076749736557242056487941133303808
166153499473114484112975882266607616
332306998946228968225951764533215232
664613997892457936451903529066430464
1329227995784915872903807058132860928
2658455991569831745807614116265721856
5316911983139663491615228232531443712
10633823966279326983230456465062887424
21267647932558653966460912930125774848
42535295865117307932921825860251549696
85070591730234615865843651720503099392
170141183460469231731687303441006198784
340282366920938463463374606882012397568
680564733841876926926749213764024795136
1361129467683753853853498427528049590272
2722258935367507707706996855056099180544
5444517870735015415413993710112198361088
10889035741470030830827987420224396722176
21778071482940061661655974840448793444352
43556142965880123323311949680897586888704
87112285931760246646623899361795173777408
174224571863520493293247798723590347554816
348449143727040986586495597447180695109632
696898287454081973172991194894361390219264
1393796574908163946345982389788722780438528
2787593149816327892691964779577445560877056
5575186299632655785383929559154891121754112
11150372599265311570767859118309782243508224
22300745198530623141535718236619564487016448
44601490397061246283071436473239128974032896
89202980794122492566142872946478257948065792
178405961588244985132285745892956515896131584
356811923176489970264571491785913031792263168
713623846352979940529142983571826063584526336
1427247692705959881058285967143652127169052672
2854495385411919762116571934287304254338105344
5708990770823839524233143868574608508676210688
11417981541647679048466287737149217017352421376
22835963083295358096932575474298434034704842752
45671926166590716193865150948596868069409685504
91343852333181432387730301897193736138819371008
182687704666362864775460603794387472277638742016
365375409332725729550921207588774944555277484032
730750818665451459101842415177549889110554968064
1461501637330902918203684830355099778221109936128
2923003274661805836407369660710199556442219872256
5846006549323611672814739321420399112884439744512
11692013098647223345629478642840798225768879489024
23384026197294446691258957285681596451537758978048
46768052394588893382517914571363192903075517956096
93536104789177786765035829142726385806151035912192
187072209578355573530071658285452771612302071824384
374144419156711147060143316570905543224604143648768
748288838313422294120286633141811086449208287297536
1496577676626844588240573266283622172898416574595072
2993155353253689176481146532567244345796833149190144
5986310706507378352962293065134488691593666298380288
11972621413014756705924586130268977383187332596760576
23945242826029513411849172260537954766374665193521152
47890485652059026823698344521075909532749330387042304
95780971304118053647396689042151819065498660774084608
10-to savarshenno chislo e = 191561942608236107294793378084303638130997321548169216

Process finished with exit code 0
